1
3
4
6
7
9
12
25
26
35
39
52
54
58
63
65
68
76
79
81
88
92
94
95
104
105
112
113
115
122
123
124
125
126
129
130
131
132
133
134
135
136
137
142
143
144
145
146
147
149
150
151
152
155
158
179
196
197
208
212
214
229
243
244
245
248
249
250
251
252
255
258
260
282
302
306
359
380
381
384
385
386
392
395
405
445
448
461
483
484
487
491
493
494
501
530
555
609
612
635
643
644
646
650
653
656
658
681
700
706
716
717
718
719
720
722
725
728
745
778
785
791
792
800
802
810
813
816
823
845
849
869
887
888
889
890
906
909
912
935
971
998
1000
1007
1008
1017
1024
1025
